# NNI SERIES FILE
This file has generated for evaluation purposes of this work.
# Thesis:	Development of an Open-Source Python Toolbox for Heart Rate Variability (HRV)
# Author:	Pedro Miguel Caridade Gomes
#
# File Info:
# ---------
# Segment number 143 from file './nni_data/nni/mit_bih_nsrdb_18177.npy'
# > hrv.tools.segmentation configuration:
# 		> overlap=False
# 		> full=False
#		> duration=18000(s)# > Number of NNI: 479
# > Duration of segment: 299.680 (s)
0.586
0.594
0.570
0.602
0.586
0.594
0.562
0.578
0.570
0.547
0.562
0.547
0.555
0.570
0.570
0.570
0.570
0.641
0.609
0.602
0.594
0.602
0.586
0.578
0.578
0.578
0.586
0.570
0.609
0.594
0.578
0.562
0.578
0.547
0.570
0.562
0.562
0.578
0.625
0.633
0.594
0.625
0.609
0.578
0.602
0.578
0.609
0.641
0.617
0.594
0.609
0.594
0.609
0.602
0.609
0.617
0.648
0.602
0.633
0.602
0.594
0.578
0.594
0.570
0.594
0.586
0.617
0.633
0.633
0.617
0.594
0.586
0.570
0.555
0.555
0.586
0.578
0.594
0.586
0.570
0.602
0.617
0.609
0.609
0.617
0.641
0.617
0.602
0.617
0.578
0.594
0.609
0.586
0.641
0.625
0.586
0.609
0.586
0.570
0.586
0.586
0.602
0.602
0.594
0.633
0.633
0.656
0.625
0.617
0.609
0.609
0.594
0.602
0.586
0.617
0.602
0.594
0.594
0.586
0.586
0.602
0.617
0.617
0.602
0.602
0.578
0.609
0.578
0.656
0.695
0.672
0.633
0.633
0.633
0.602
0.609
0.594
0.609
0.617
0.594
0.594
0.617
0.594
0.602
0.586
0.586
0.594
0.570
0.578
0.609
0.609
0.625
0.617
0.633
0.625
0.609
0.602
0.617
0.578
0.602
0.570
0.586
0.578
0.602
0.578
0.586
0.586
0.578
0.586
0.570
0.594
0.570
0.570
0.586
0.586
0.594
0.586
0.594
0.602
0.578
0.570
0.562
0.562
0.578
0.562
0.562
0.570
0.555
0.555
0.570
0.555
0.570
0.570
0.586
0.594
0.586
0.602
0.594
0.633
0.625
0.602
0.617
0.617
0.594
0.609
0.633
0.664
0.688
0.672
0.641
0.609
0.625
0.594
0.625
0.625
0.617
0.609
0.641
0.609
0.617
0.625
0.656
0.664
0.641
0.617
0.609
0.609
0.586
0.578
0.609
0.586
0.609
0.633
0.617
0.594
0.602
0.625
0.617
0.609
0.617
0.625
0.625
0.648
0.664
0.680
0.672
0.656
0.641
0.633
0.648
0.641
0.648
0.664
0.711
0.680
0.656
0.641
0.656
0.625
0.633
0.609
0.625
0.648
0.617
0.625
0.609
0.617
0.617
0.656
0.648
0.633
0.633
0.609
0.609
0.594
0.594
0.586
0.586
0.602
0.602
0.594
0.602
0.594
0.602
0.602
0.570
0.578
0.594
0.602
0.617
0.617
0.648
0.688
0.688
0.695
0.703
0.680
0.664
0.680
0.672
0.656
0.688
0.703
0.688
0.656
0.656
0.688
0.680
0.656
0.648
0.633
0.633
0.633
0.648
0.703
0.719
0.688
0.664
0.672
0.641
0.641
0.656
0.688
0.680
0.672
0.633
0.641
0.648
0.656
0.656
0.648
0.688
0.680
0.672
0.695
0.719
0.688
0.672
0.648
0.664
0.680
0.664
0.672
0.656
0.648
0.625
0.602
0.609
0.633
0.641
0.641
0.609
0.625
0.648
0.656
0.648
0.625
0.641
0.648
0.641
0.617
0.617
0.648
0.641
0.680
0.656
0.648
0.633
0.656
0.641
0.648
0.648
0.656
0.656
0.664
0.672
0.672
0.641
0.633
0.625
0.594
0.633
0.633
0.633
0.641
0.633
0.656
0.648
0.656
0.672
0.703
0.672
0.656
0.656
0.648
0.648
0.656
0.703
0.883
0.789
0.727
0.719
0.711
0.695
0.641
0.656
0.656
0.672
0.711
0.688
0.672
0.648
0.734
0.930
0.797
0.727
0.703
0.688
0.625
0.617
0.617
0.625
0.609
0.641
0.656
0.648
0.648
0.641
0.633
0.617
0.633
0.609
0.602
0.602
0.609
0.609
0.594
0.602
0.609
0.609
0.664
0.727
0.742
0.703
0.656
0.680
0.625
0.625
0.656
0.641
0.672
0.680
0.703
0.727
0.758
0.727
0.688
0.656
0.641
0.609
0.625
0.609
0.617
0.609
0.641
0.641
0.648
0.656
0.633
0.641
0.625
0.617
0.609
0.586
0.594
0.609
0.625
0.633
0.625
