# NNI SERIES FILE
This file has generated for evaluation purposes of this work.
# Thesis:	Development of an Open-Source Python Toolbox for Heart Rate Variability (HRV)
# Author:	Pedro Miguel Caridade Gomes
#
# File Info:
# ---------
# Segment number 165 from file './nni_data/nni/mit_bih_nsrdb_19140.npy'
# > hrv.tools.segmentation configuration:
# 		> overlap=False
# 		> full=False
#		> duration=18000(s)# > Number of NNI: 394
# > Duration of segment: 299.479 (s)
0.781
0.789
0.797
0.766
0.734
0.773
0.758
0.773
0.781
0.742
0.734
0.750
0.773
0.805
0.805
0.789
0.758
0.758
0.789
0.805
0.820
0.797
0.750
0.742
0.766
0.797
0.797
0.781
0.758
0.750
0.742
0.766
0.781
0.781
0.773
0.750
0.750
0.773
0.797
0.797
0.781
0.758
0.750
0.742
0.766
0.781
0.742
0.750
0.711
0.750
0.766
0.773
0.797
0.773
0.750
0.766
0.773
0.797
0.812
0.781
0.758
0.742
0.750
0.781
0.758
0.758
0.742
0.711
0.734
0.758
0.766
0.773
0.750
0.734
0.742
0.758
0.773
0.773
0.750
0.734
0.734
0.758
0.773
0.797
0.773
0.758
0.734
0.766
0.781
0.805
0.797
0.781
0.750
0.773
0.789
0.820
0.805
0.773
0.758
0.727
0.758
0.773
0.797
0.781
0.758
0.750
0.734
0.750
0.781
0.781
0.789
0.766
0.727
0.750
0.758
0.773
0.789
0.773
0.750
0.742
0.742
0.773
0.766
0.758
0.750
0.734
0.750
0.758
0.789
0.797
0.781
0.758
0.742
0.758
0.766
0.781
0.766
0.750
0.727
0.742
0.766
0.781
0.781
0.758
0.734
0.727
0.742
0.766
0.773
0.758
0.734
0.719
0.742
0.758
0.773
0.781
0.758
0.742
0.734
0.766
0.773
0.805
0.766
0.750
0.734
0.742
0.766
0.766
0.781
0.758
0.742
0.734
0.742
0.789
0.797
0.797
0.758
0.750
0.781
0.805
0.820
0.805
0.766
0.727
0.773
0.773
0.797
0.766
0.758
0.750
0.750
0.781
0.805
0.773
0.758
0.742
0.758
0.789
0.789
0.773
0.758
0.734
0.734
0.781
0.805
0.805
0.773
0.758
0.742
0.758
0.766
0.789
0.797
0.766
0.734
0.742
0.773
0.797
0.812
0.812
0.773
0.773
0.789
0.789
0.797
0.773
0.758
0.734
0.742
0.773
0.773
0.750
0.742
0.711
0.734
0.742
0.773
0.781
0.750
0.742
0.703
0.742
0.734
0.766
0.750
0.734
0.719
0.727
0.727
0.734
0.734
0.719
0.719
0.727
0.750
0.773
0.781
0.773
0.758
0.734
0.766
0.766
0.797
0.766
0.742
0.719
0.742
0.742
0.750
0.750
0.742
0.727
0.719
0.750
0.766
0.781
0.750
0.734
0.711
0.734
0.742
0.773
0.781
0.750
0.742
0.727
0.742
0.750
0.773
0.758
0.742
0.711
0.727
0.734
0.742
0.742
0.742
0.711
0.734
0.734
0.773
0.758
0.750
0.719
0.742
0.766
0.781
0.797
0.773
0.758
0.727
0.758
0.758
0.805
0.797
0.781
0.758
0.750
0.758
0.781
0.781
0.758
0.742
0.742
0.750
0.766
0.773
0.758
0.742
0.727
0.750
0.758
0.766
0.766
0.719
0.727
0.734
0.750
0.758
0.773
0.766
0.750
0.742
0.758
0.781
0.773
0.766
0.734
0.719
0.734
0.742
0.773
0.766
0.734
0.727
0.727
0.758
0.789
0.820
0.773
0.750
0.742
0.758
0.797
0.789
0.758
0.742
0.727
0.750
0.742
0.742
0.734
0.734
0.750
0.797
0.805
0.766
0.750
0.727
0.750
0.773
0.789
0.766
0.758
0.742
0.727
0.766
0.758
0.773
0.750
0.750
0.703
0.742
0.766
