# NNI SERIES FILE
This file has generated for evaluation purposes of this work.
# Thesis:	Development of an Open-Source Python Toolbox for Heart Rate Variability (HRV)
# Author:	Pedro Miguel Caridade Gomes
#
# File Info:
# ---------
# Segment number 24 from file './nni_data/nni/mit_bih_nsrdb_16265.npy'
# > hrv.tools.segmentation configuration:
# 		> overlap=False
# 		> full=False
#		> duration=18000(s)# > Number of NNI: 466
# > Duration of segment: 299.701 (s)
0.625
0.711
0.719
0.711
0.719
0.703
0.711
0.688
0.680
0.656
0.656
0.664
0.641
0.641
0.602
0.609
0.609
0.594
0.602
0.602
0.609
0.578
0.594
0.586
0.578
0.586
0.586
0.594
0.609
0.609
0.609
0.625
0.617
0.617
0.602
0.594
0.602
0.633
0.609
0.625
0.633
0.648
0.648
0.672
0.656
0.648
0.656
0.648
0.648
0.625
0.641
0.625
0.625
0.633
0.641
0.641
0.664
0.648
0.656
0.656
0.633
0.641
0.633
0.617
0.609
0.617
0.602
0.617
0.625
0.625
0.633
0.656
0.641
0.633
0.625
0.609
0.602
0.602
0.594
0.602
0.594
0.617
0.648
0.648
0.625
0.633
0.617
0.609
0.609
0.602
0.602
0.609
0.594
0.594
0.594
0.570
0.586
0.586
0.609
0.633
0.664
0.672
0.664
0.641
0.641
0.617
0.609
0.586
0.586
0.586
0.594
0.602
0.625
0.602
0.602
0.602
0.617
0.625
0.609
0.602
0.594
0.586
0.594
0.578
0.625
0.641
0.633
0.641
0.664
0.656
0.656
0.656
0.641
0.719
0.812
0.727
0.719
0.672
0.641
0.617
0.609
0.602
0.602
0.594
0.609
0.602
0.617
0.648
0.656
0.648
0.672
0.656
0.695
0.656
0.641
0.648
0.656
0.672
0.672
0.664
0.656
0.672
0.695
0.672
0.734
0.711
0.727
0.688
0.703
0.664
0.672
0.672
0.703
0.711
0.688
0.906
0.867
0.812
0.750
0.688
0.648
0.625
0.633
0.633
0.672
0.680
0.664
0.633
0.617
0.586
0.586
0.570
0.602
0.688
0.703
0.648
0.625
0.609
0.594
0.609
0.617
0.766
0.664
0.812
0.766
0.789
0.742
0.695
0.625
0.609
0.594
0.602
0.602
0.602
0.609
0.617
0.625
0.609
0.625
0.695
0.703
0.734
0.703
0.672
0.625
0.625
0.609
0.602
0.586
0.578
0.594
0.594
0.812
1.109
0.898
0.820
0.711
0.656
0.656
0.641
0.641
0.609
0.992
0.820
0.852
0.836
0.711
0.672
0.641
0.594
0.594
0.570
0.578
0.555
0.539
0.547
0.539
0.539
0.531
0.578
0.570
0.594
0.688
0.727
0.727
0.672
0.656
0.633
0.617
0.594
0.570
0.562
0.555
0.555
0.594
0.742
0.703
0.656
0.781
0.797
0.742
0.695
0.688
0.664
0.664
0.648
0.664
0.664
0.641
0.648
0.625
0.617
0.609
0.602
0.594
0.594
0.586
0.586
0.578
0.594
0.617
0.633
0.633
0.648
0.648
0.656
0.633
0.625
0.625
0.617
0.633
0.609
0.625
0.609
0.609
0.625
0.625
0.609
0.625
0.617
0.602
0.602
0.625
0.609
0.602
0.617
0.625
0.609
0.609
0.617
0.625
0.625
0.641
0.656
0.641
0.648
0.648
0.641
0.625
0.609
0.617
0.609
0.602
0.602
0.594
0.586
0.586
0.602
0.703
0.641
0.617
0.609
0.594
0.594
0.609
0.602
0.602
0.617
0.617
0.625
0.602
0.609
0.594
0.602
0.602
0.586
0.570
0.570
0.570
0.594
0.594
0.586
0.586
0.594
0.617
0.617
0.648
0.680
0.648
0.633
0.609
0.609
0.594
0.594
0.586
0.617
0.648
0.641
0.695
0.688
0.695
0.672
0.648
0.633
0.656
0.648
0.664
0.656
0.648
0.648
0.648
0.641
0.617
0.633
0.742
0.773
0.781
0.719
0.672
0.633
0.617
0.625
0.703
0.695
0.695
0.758
0.758
0.758
0.750
0.727
0.695
0.648
0.625
0.625
0.609
0.633
0.625
0.641
0.641
0.633
0.656
0.648
0.648
0.633
0.648
0.656
0.633
0.609
0.594
0.609
0.625
0.602
0.609
0.617
0.609
0.609
0.586
0.602
0.609
0.633
0.641
0.672
0.727
0.688
0.719
0.711
0.711
0.703
0.695
0.695
0.664
0.680
0.664
0.664
0.672
0.672
