# NNI SERIES FILE
This file has generated for evaluation purposes of this work.
# Thesis:	Development of an Open-Source Python Toolbox for Heart Rate Variability (HRV)
# Author:	Pedro Miguel Caridade Gomes
#
# File Info:
# ---------
# Segment number 31 from file './nni_data/nni/mit_bih_nsrdb_18177.npy'
# > hrv.tools.segmentation configuration:
# 		> overlap=False
# 		> full=False
#		> duration=18000(s)# > Number of NNI: 397
# > Duration of segment: 299.988 (s)
0.648
0.766
0.750
0.766
0.711
0.773
0.766
0.750
0.719
0.672
0.664
0.641
0.641
0.633
0.609
0.633
0.656
0.797
0.734
0.766
0.781
0.766
0.758
0.727
0.766
0.820
0.789
0.773
0.766
0.734
0.758
0.820
0.797
0.812
0.719
0.812
0.766
0.781
0.750
0.734
0.805
0.805
0.797
0.773
0.750
0.812
0.805
0.773
0.805
0.828
0.805
0.773
0.750
0.797
0.773
0.828
0.750
0.836
0.812
0.828
0.812
0.812
0.797
0.789
0.820
0.781
0.758
0.766
0.742
0.703
0.719
0.711
0.742
0.766
0.742
0.859
0.773
0.734
0.750
0.719
0.711
0.734
0.750
0.719
0.742
0.773
0.742
0.719
0.711
0.711
0.711
0.711
0.727
0.711
0.695
0.680
0.656
0.648
0.648
0.617
0.641
0.648
0.680
0.672
0.688
0.672
0.672
0.641
0.633
0.641
0.656
0.680
0.680
0.695
0.742
0.742
0.711
0.719
0.742
0.852
0.781
0.750
0.766
0.773
0.758
0.812
0.781
0.805
0.797
0.766
0.812
0.766
0.812
0.758
0.781
0.734
0.750
0.680
0.695
0.641
0.695
0.703
0.898
0.844
0.938
0.859
0.812
0.836
0.797
0.820
0.758
0.820
0.758
0.789
0.820
0.852
0.812
0.820
0.727
0.719
0.641
0.648
0.656
0.641
0.695
0.852
0.820
0.812
0.797
0.828
0.828
0.789
0.836
0.789
0.836
0.781
0.828
0.812
0.828
0.789
0.828
0.828
0.820
0.812
0.758
0.773
0.766
0.766
0.836
0.750
0.828
0.805
0.828
0.758
0.734
0.695
0.664
0.641
0.656
0.672
0.695
0.789
0.844
0.859
0.820
0.820
0.758
0.766
0.797
0.789
0.797
0.781
0.828
0.828
0.828
0.828
0.805
0.758
0.820
0.734
0.844
0.812
0.812
0.781
0.812
0.812
0.805
0.781
0.828
0.766
0.828
0.750
0.828
0.766
0.828
0.797
0.805
0.789
0.734
0.758
0.711
0.703
0.711
0.695
0.750
0.953
0.828
0.812
0.812
0.805
0.750
0.750
0.672
0.680
0.648
0.641
0.656
0.602
0.664
0.625
0.617
0.648
0.711
0.812
0.805
0.750
0.680
0.680
0.656
0.648
0.727
0.711
0.758
0.961
0.789
0.852
0.805
0.727
0.805
0.680
0.703
0.695
0.719
0.695
0.695
0.734
0.703
0.695
0.680
0.695
0.828
0.836
0.766
0.750
0.734
0.727
0.711
0.727
0.812
0.758
0.727
0.766
0.969
0.797
0.805
0.773
0.859
0.828
0.828
0.781
0.797
0.711
0.742
0.734
0.703
0.695
0.734
0.891
0.836
0.828
0.836
0.844
0.867
0.820
0.789
0.773
0.758
0.742
0.734
0.719
0.703
0.781
0.773
0.789
0.891
0.797
0.797
0.773
0.695
0.711
0.664
0.641
0.648
0.664
0.664
0.664
0.672
0.695
0.672
0.656
0.641
0.633
0.656
0.727
0.898
0.781
0.836
0.789
0.750
0.789
0.719
0.703
0.680
0.695
0.758
0.945
0.859
0.859
0.750
0.836
0.750
0.742
0.695
0.680
0.648
0.648
0.641
0.656
0.688
0.703
0.688
0.945
0.852
0.805
0.797
0.906
0.805
0.844
0.812
0.727
0.734
0.742
0.688
0.703
0.727
0.703
0.820
