# NNI SERIES FILE
This file has generated for evaluation purposes of this work.
# Thesis:	Development of an Open-Source Python Toolbox for Heart Rate Variability (HRV)
# Author:	Pedro Miguel Caridade Gomes
#
# File Info:
# ---------
# Segment number 35 from file './nni_data/nni/mit_bih_nsrdb_16273.npy'
# > hrv.tools.segmentation configuration:
# 		> overlap=False
# 		> full=False
#		> duration=18000(s)# > Number of NNI: 499
# > Duration of segment: 299.673 (s)
0.516
0.523
0.516
0.516
0.516
0.523
0.516
0.516
0.523
0.516
0.539
0.555
0.570
0.570
0.562
0.570
0.586
0.578
0.562
0.570
0.570
0.578
0.555
0.555
0.586
0.609
0.617
0.602
0.625
0.594
0.578
0.570
0.562
0.547
0.547
0.539
0.555
0.555
0.539
0.531
0.547
0.539
0.555
0.539
0.539
0.555
0.562
0.586
0.688
0.727
0.703
0.672
0.695
0.695
0.648
0.656
0.664
0.695
0.656
0.711
0.734
0.773
0.750
0.766
0.750
0.734
0.711
0.695
0.742
0.766
0.758
0.727
0.719
0.711
0.648
0.656
0.664
0.672
0.633
0.664
0.664
0.688
0.648
0.688
0.672
0.672
0.633
0.648
0.641
0.617
0.594
0.594
0.594
0.594
0.578
0.594
0.594
0.594
0.578
0.586
0.578
0.578
0.570
0.594
0.609
0.594
0.609
0.648
0.641
0.633
0.633
0.625
0.609
0.594
0.625
0.617
0.609
0.617
0.633
0.625
0.602
0.617
0.625
0.586
0.625
0.633
0.633
0.609
0.625
0.648
0.633
0.633
0.609
0.617
0.594
0.578
0.570
0.586
0.578
0.578
0.562
0.578
0.594
0.578
0.570
0.594
0.594
0.602
0.570
0.586
0.578
0.578
0.570
0.586
0.594
0.602
0.586
0.602
0.594
0.570
0.570
0.609
0.570
0.594
0.586
0.570
0.586
0.578
0.578
0.602
0.594
0.578
0.578
0.586
0.586
0.570
0.594
0.602
0.609
0.594
0.602
0.633
0.625
0.609
0.609
0.609
0.609
0.602
0.617
0.625
0.602
0.625
0.617
0.586
0.602
0.578
0.570
0.578
0.578
0.555
0.578
0.578
0.570
0.570
0.586
0.586
0.578
0.570
0.602
0.594
0.562
0.570
0.570
0.562
0.547
0.547
0.531
0.531
0.531
0.531
0.531
0.523
0.523
0.539
0.531
0.531
0.531
0.547
0.539
0.531
0.547
0.547
0.539
0.539
0.547
0.539
0.523
0.539
0.539
0.547
0.523
0.547
0.539
0.555
0.547
0.531
0.547
0.539
0.539
0.539
0.539
0.539
0.531
0.539
0.531
0.539
0.539
0.531
0.531
0.547
0.539
0.531
0.539
0.539
0.531
0.539
0.531
0.539
0.523
0.539
0.531
0.531
0.523
0.531
0.523
0.531
0.523
0.531
0.516
0.516
0.523
0.531
0.516
0.523
0.531
0.523
0.516
0.531
0.523
0.523
0.516
0.523
0.531
0.531
0.523
0.539
0.547
0.547
0.539
0.555
0.562
0.555
0.555
0.547
0.547
0.555
0.547
0.531
0.539
0.547
0.531
0.531
0.539
0.531
0.539
0.539
0.531
0.531
0.531
0.531
0.523
0.539
0.516
0.508
0.516
0.516
0.523
0.508
0.516
0.523
0.539
0.516
0.539
0.531
0.523
0.523
0.531
0.523
0.523
0.516
0.508
0.508
0.516
0.516
0.531
0.516
0.523
0.531
0.523
0.523
0.531
0.531
0.539
0.539
0.523
0.547
0.531
0.531
0.539
0.547
0.547
0.547
0.547
0.570
0.562
0.555
0.570
0.578
0.586
0.586
0.586
0.617
0.648
0.633
0.633
0.648
0.602
0.625
0.602
0.562
0.555
0.539
0.547
0.523
0.547
0.531
0.539
0.531
0.531
0.523
0.523
0.516
0.523
0.508
0.516
0.516
0.531
0.547
0.539
0.547
0.555
0.562
0.555
0.547
0.562
0.570
0.586
0.547
0.547
0.531
0.531
0.523
0.523
0.523
0.555
0.633
0.711
0.680
0.688
0.688
0.664
0.688
0.680
0.680
0.672
0.664
0.656
0.680
0.680
0.672
0.688
0.680
0.664
0.641
0.656
0.664
0.664
0.633
0.648
0.656
0.648
0.641
0.656
0.664
0.648
0.656
0.703
0.695
0.688
0.703
0.742
0.719
0.711
0.719
0.727
0.711
0.758
0.828
0.828
0.781
0.812
0.820
0.773
0.781
0.781
0.797
0.758
0.781
0.805
0.812
0.750
0.789
0.781
0.758
0.742
0.703
0.734
0.750
0.750
0.742
0.805
0.844
0.781
0.836
0.828
0.758
0.812
0.812
0.766
0.828
0.844
0.789
0.828
0.836
0.766
0.805
0.812
0.750
0.820
