# NNI SERIES FILE
This file has generated for evaluation purposes of this work.
# Thesis:	Development of an Open-Source Python Toolbox for Heart Rate Variability (HRV)
# Author:	Pedro Miguel Caridade Gomes
#
# File Info:
# ---------
# Segment number 8 from file './nni_data/nni/mit_bih_nsrdb_17453.npy'
# > hrv.tools.segmentation configuration:
# 		> overlap=False
# 		> full=False
#		> duration=18000(s)# > Number of NNI: 399
# > Duration of segment: 299.297 (s)
0.719
0.664
0.664
0.719
0.820
0.805
0.773
0.766
0.734
0.727
0.742
0.758
0.773
0.734
0.750
0.742
0.758
0.781
0.773
0.781
0.781
0.766
0.758
0.805
0.844
0.844
0.859
0.773
0.789
0.797
0.805
0.781
0.797
0.805
0.797
0.750
0.711
0.727
0.734
0.773
0.758
0.750
0.773
0.750
0.703
0.711
0.672
0.656
0.633
0.656
0.711
0.703
0.695
0.758
0.797
0.797
0.781
0.766
0.789
0.781
0.766
0.758
0.781
0.789
0.773
0.773
0.781
0.781
0.727
0.719
0.727
0.711
0.719
0.758
0.773
0.750
0.766
0.781
0.781
0.742
0.758
0.766
0.773
0.742
0.758
0.773
0.742
0.727
0.758
0.781
0.734
0.711
0.734
0.742
0.688
0.695
0.742
0.758
0.734
0.711
0.766
0.781
0.758
0.750
0.758
0.797
0.797
0.758
0.789
0.781
0.766
0.727
0.750
0.773
0.703
0.742
0.727
0.773
0.750
0.727
0.789
0.773
0.742
0.727
0.711
0.680
0.680
0.656
0.656
0.672
0.711
0.688
0.703
0.766
0.797
0.773
0.789
0.797
0.805
0.750
0.758
0.750
0.758
0.688
0.734
0.742
0.773
0.758
0.750
0.766
0.758
0.719
0.727
0.766
0.773
0.727
0.734
0.719
0.695
0.695
0.672
0.711
0.711
0.742
0.766
0.852
0.844
0.773
0.766
0.758
0.797
0.758
0.742
0.750
0.758
0.711
0.719
0.758
0.797
0.742
0.750
0.758
0.781
0.758
0.758
0.750
0.758
0.727
0.742
0.719
0.734
0.719
0.742
0.750
0.797
0.797
0.789
0.781
0.773
0.719
0.719
0.703
0.703
0.742
0.703
0.734
0.742
0.773
0.750
0.727
0.742
0.711
0.680
0.664
0.648
0.609
0.617
0.609
0.625
0.617
0.641
0.648
0.648
0.664
0.680
0.688
0.664
0.680
0.719
0.734
0.727
0.719
0.766
0.797
0.750
0.734
0.742
0.758
0.719
0.727
0.758
0.742
0.711
0.703
0.742
0.781
0.758
0.758
0.797
0.812
0.758
0.766
0.773
0.773
0.742
0.734
0.781
0.789
0.742
0.750
0.773
0.773
0.719
0.742
0.789
0.773
0.719
0.742
0.773
0.789
0.750
0.758
0.797
0.820
0.766
0.742
0.781
0.727
0.695
0.680
0.680
0.664
0.680
0.719
0.695
0.680
0.719
0.727
0.742
0.742
0.758
0.797
0.742
0.758
0.750
0.781
0.773
0.703
0.758
0.758
0.789
0.758
0.797
0.828
0.812
0.789
0.758
0.797
0.781
0.781
0.750
0.797
0.812
0.797
0.781
0.805
0.812
0.766
0.766
0.773
0.797
0.734
0.781
0.805
0.766
0.766
0.750
0.781
0.805
0.789
0.820
0.820
0.797
0.750
0.789
0.781
0.758
0.734
0.734
0.750
0.758
0.742
0.766
0.828
0.852
0.836
0.789
0.789
0.805
0.812
0.742
0.758
0.750
0.773
0.758
0.742
0.766
0.797
0.766
0.711
0.742
0.781
0.719
0.719
0.719
0.703
0.664
0.688
0.789
0.797
0.820
0.797
0.773
0.750
0.766
0.750
0.758
0.727
0.742
0.766
0.805
0.820
0.781
0.789
0.797
0.812
0.766
0.758
0.750
0.719
0.695
0.648
0.680
0.758
0.758
0.719
0.766
0.812
0.812
