# NNI SERIES FILE
This file has generated for evaluation purposes of this work.
# Thesis:	Development of an Open-Source Python Toolbox for Heart Rate Variability (HRV)
# Author:	Pedro Miguel Caridade Gomes
#
# File Info:
# ---------
# Segment number 86 from file './nni_data/nni/mit_bih_nsrdb_19140.npy'
# > hrv.tools.segmentation configuration:
# 		> overlap=False
# 		> full=False
#		> duration=18000(s)# > Number of NNI: 464
# > Duration of segment: 299.947 (s)
0.641
0.633
0.656
0.641
0.641
0.625
0.609
0.609
0.594
0.617
0.648
0.648
0.633
0.672
0.680
0.664
0.664
0.641
0.680
0.695
0.688
0.680
0.727
0.727
0.703
0.680
0.695
0.734
0.703
0.656
0.648
0.664
0.688
0.672
0.648
0.648
0.672
0.672
0.664
0.672
0.680
0.711
0.688
0.664
0.695
0.688
0.656
0.648
0.648
0.664
0.664
0.641
0.625
0.641
0.656
0.641
0.609
0.609
0.617
0.633
0.648
0.617
0.617
0.625
0.641
0.633
0.633
0.625
0.648
0.656
0.633
0.641
0.648
0.633
0.609
0.602
0.617
0.625
0.633
0.609
0.617
0.625
0.633
0.648
0.648
0.633
0.641
0.641
0.609
0.602
0.617
0.648
0.656
0.688
0.703
0.703
0.688
0.656
0.656
0.664
0.680
0.688
0.633
0.625
0.633
0.633
0.641
0.633
0.656
0.641
0.648
0.641
0.648
0.633
0.664
0.633
0.641
0.633
0.641
0.656
0.609
0.609
0.586
0.594
0.602
0.641
0.648
0.648
0.641
0.656
0.648
0.648
0.641
0.633
0.656
0.656
0.641
0.625
0.617
0.602
0.586
0.578
0.586
0.625
0.633
0.641
0.633
0.625
0.641
0.625
0.625
0.609
0.617
0.633
0.625
0.625
0.625
0.641
0.656
0.641
0.656
0.672
0.656
0.641
0.664
0.680
0.664
0.648
0.641
0.641
0.633
0.633
0.633
0.633
0.625
0.625
0.617
0.617
0.609
0.602
0.594
0.594
0.602
0.594
0.609
0.602
0.609
0.609
0.602
0.617
0.609
0.617
0.633
0.617
0.602
0.625
0.641
0.648
0.633
0.633
0.641
0.641
0.633
0.648
0.641
0.633
0.617
0.617
0.633
0.625
0.609
0.625
0.609
0.617
0.609
0.625
0.625
0.617
0.617
0.617
0.617
0.625
0.609
0.609
0.602
0.602
0.609
0.609
0.609
0.609
0.594
0.602
0.594
0.602
0.594
0.602
0.594
0.594
0.594
0.602
0.586
0.602
0.594
0.586
0.594
0.586
0.578
0.570
0.570
0.570
0.602
0.633
0.656
0.648
0.641
0.625
0.617
0.609
0.594
0.602
0.609
0.648
0.680
0.656
0.664
0.641
0.625
0.633
0.633
0.625
0.602
0.594
0.586
0.586
0.602
0.625
0.617
0.617
0.625
0.641
0.648
0.633
0.641
0.656
0.664
0.680
0.664
0.656
0.672
0.688
0.688
0.664
0.664
0.664
0.664
0.672
0.656
0.641
0.641
0.633
0.648
0.641
0.633
0.641
0.648
0.664
0.641
0.633
0.648
0.648
0.641
0.633
0.633
0.648
0.656
0.648
0.625
0.633
0.617
0.602
0.602
0.602
0.602
0.625
0.594
0.594
0.625
0.617
0.625
0.648
0.695
0.727
0.695
0.688
0.688
0.680
0.703
0.680
0.664
0.680
0.688
0.711
0.695
0.680
0.711
0.711
0.758
0.711
0.688
0.695
0.719
0.766
0.727
0.695
0.711
0.742
0.734
0.688
0.648
0.656
0.641
0.641
0.625
0.633
0.625
0.625
0.625
0.625
0.625
0.633
0.633
0.641
0.633
0.633
0.672
0.695
0.656
0.664
0.680
0.695
0.672
0.656
0.664
0.680
0.688
0.680
0.688
0.719
0.742
0.703
0.695
0.703
0.727
0.688
0.672
0.664
0.695
0.711
0.672
0.664
0.672
0.680
0.656
0.641
0.633
0.641
0.664
0.648
0.648
0.672
0.688
0.680
0.656
0.648
0.664
0.672
0.688
0.664
0.656
0.664
0.703
0.703
0.688
0.664
0.672
0.672
0.672
0.664
0.648
0.680
0.680
0.648
0.625
0.625
0.617
0.602
0.602
0.594
0.617
0.633
0.633
0.625
0.648
0.664
0.664
0.656
0.680
0.695
0.703
0.703
0.664
0.695
0.688
0.664
0.664
0.695
0.711
0.719
0.703
0.711
0.758
0.750
0.727
0.688
