# NNI SERIES FILE
# This file has generated for evaluation purposes of this work.
# Thesis:	Development of an Open-Source Python Toolbox for Heart Rate Variability (HRV)
# Author:	Pedro Miguel Caridade Gomes
#
# File Info:
# ---------
# Segment number 58 from file './nni_data/nni/mit_bih_nsrdb_16272.npy'
# > hrv.tools.segmentation configuration:
# 		> overlap=False
# 		> full=False
#		> duration=18000(s)# > Number of NNI: 304
# > Duration of segment: 299.427 (s)
0.961
0.961
0.945
0.922
0.945
0.898
0.930
1.016
0.984
1.016
1.016
0.961
0.984
0.984
0.953
0.977
0.938
0.938
0.961
0.945
0.945
0.969
0.961
0.961
0.953
0.938
0.953
0.977
0.961
0.984
1.022
0.984
0.992
0.984
0.961
0.938
0.945
0.961
0.930
0.945
0.961
0.938
0.953
0.992
0.984
0.961
0.992
1.022
0.961
0.969
0.938
0.984
0.961
0.992
0.953
0.922
0.945
0.906
0.938
0.969
0.945
0.984
0.992
0.984
1.016
1.000
0.945
0.961
0.961
0.953
0.953
0.977
0.953
0.992
1.000
0.977
0.984
1.008
0.984
0.992
1.000
1.000
0.945
0.977
0.977
0.938
0.992
1.016
1.008
0.930
0.922
0.875
0.812
0.844
0.992
0.992
1.039
1.047
1.022
0.969
0.953
0.914
0.945
0.969
0.953
1.000
1.008
0.953
0.977
0.945
0.938
0.969
0.984
0.977
0.992
1.000
0.977
1.008
1.008
0.992
1.008
1.008
0.992
1.022
1.022
0.992
0.984
1.016
1.000
0.969
0.992
1.016
1.031
0.961
0.992
0.961
0.969
0.984
1.008
1.000
1.055
1.094
1.086
0.992
1.000
0.984
0.969
0.961
0.938
0.992
0.977
0.938
0.969
0.922
0.938
0.906
0.945
0.961
0.945
0.945
1.000
0.977
0.961
0.984
0.969
0.961
0.984
0.945
0.961
0.992
0.969
1.016
1.039
1.000
1.022
1.031
0.984
0.961
0.977
0.984
0.984
1.022
1.008
1.016
1.047
0.992
1.000
1.008
1.000
0.945
0.969
0.961
0.938
0.984
0.945
0.977
0.898
0.969
1.016
1.031
1.055
1.016
0.945
0.938
0.914
0.914
0.930
0.984
1.031
0.984
1.094
1.164
1.156
1.117
1.070
1.086
1.102
1.047
1.016
1.094
1.125
1.062
1.031
1.086
1.117
1.047
1.055
1.047
1.102
1.016
1.070
1.016
1.047
1.070
1.062
1.000
1.031
1.062
0.984
1.008
1.086
0.992
1.062
1.086
1.008
1.062
1.070
1.016
1.062
1.022
0.984
1.016
0.930
0.898
0.922
0.867
0.891
1.000
1.008
1.022
0.969
0.984
0.977
0.945
0.977
0.969
1.000
0.992
0.938
0.953
0.922
0.898
0.914
0.930
0.961
0.977
1.022
0.984
1.016
1.022
1.031
0.977
1.016
1.039
1.016
0.977
1.008
0.992
0.945
0.984
0.953
0.930
0.930
0.945
0.938
0.961
0.992
0.961
0.992
1.008
0.961
0.969
0.977
0.945
