# NNI SERIES FILE
This file has generated for evaluation purposes of this work.
# Thesis:	Development of an Open-Source Python Toolbox for Heart Rate Variability (HRV)
# Author:	Pedro Miguel Caridade Gomes
#
# File Info:
# ---------
# Segment number 57 from file './nni_data/nni/mit_bih_nsrdb_17453.npy'
# > hrv.tools.segmentation configuration:
# 		> overlap=False
# 		> full=False
#		> duration=18000(s)# > Number of NNI: 454
# > Duration of segment: 299.644 (s)
0.727
0.703
0.750
0.789
0.766
0.805
0.805
0.750
0.773
0.727
0.688
0.703
0.688
0.703
0.711
0.711
0.703
0.680
0.625
0.656
0.641
0.641
0.641
0.672
0.719
0.719
0.711
0.695
0.680
0.680
0.641
0.633
0.641
0.641
0.625
0.648
0.656
0.625
0.695
0.711
0.750
0.742
0.719
0.664
0.672
0.633
0.648
0.594
0.617
0.562
0.617
0.594
0.633
0.625
0.656
0.641
0.648
0.680
0.664
0.641
0.641
0.641
0.633
0.625
0.602
0.617
0.578
0.617
0.586
0.594
0.602
0.586
0.609
0.594
0.586
0.602
0.602
0.609
0.594
0.594
0.562
0.586
0.578
0.578
0.570
0.578
0.562
0.570
0.586
0.570
0.539
0.570
0.562
0.555
0.570
0.555
0.578
0.633
0.719
0.672
0.672
0.656
0.625
0.625
0.625
0.641
0.664
0.664
0.641
0.648
0.656
0.625
0.625
0.609
0.609
0.586
0.594
0.594
0.594
0.594
0.602
0.594
0.578
0.594
0.594
0.586
0.609
0.602
0.594
0.594
0.602
0.586
0.594
0.609
0.609
0.609
0.602
0.641
0.609
0.594
0.625
0.602
0.602
0.594
0.602
0.594
0.594
0.578
0.586
0.594
0.578
0.570
0.570
0.570
0.570
0.562
0.570
0.570
0.547
0.578
0.555
0.539
0.539
0.547
0.531
0.547
0.562
0.555
0.562
0.578
0.586
0.570
0.594
0.602
0.594
0.602
0.602
0.562
0.570
0.562
0.578
0.570
0.578
0.594
0.594
0.617
0.633
0.633
0.625
0.641
0.602
0.633
0.664
0.680
0.625
0.633
0.641
0.602
0.617
0.672
0.625
0.648
0.672
0.656
0.602
0.633
0.672
0.648
0.641
0.594
0.570
0.617
0.578
0.602
0.602
0.617
0.594
0.641
0.648
0.617
0.625
0.633
0.617
0.586
0.586
0.625
0.586
0.641
0.586
0.586
0.586
0.633
0.625
0.602
0.625
0.688
0.703
0.711
0.641
0.680
0.688
0.648
0.602
0.625
0.664
0.688
0.641
0.633
0.719
0.734
0.711
0.664
0.688
0.695
0.719
0.664
0.664
0.711
0.688
0.672
0.703
0.766
0.711
0.727
0.789
0.719
0.656
0.672
0.609
0.586
0.578
0.625
0.656
0.781
0.719
0.789
0.836
0.781
0.773
0.797
0.711
0.727
0.734
0.742
0.719
0.680
0.734
0.727
0.688
0.695
0.781
0.734
0.727
0.734
0.766
0.727
0.719
0.695
0.750
0.688
0.703
0.711
0.727
0.688
0.734
0.797
0.797
0.750
0.758
0.805
0.734
0.758
0.766
0.711
0.703
0.711
0.734
0.727
0.742
0.805
0.758
0.766
0.820
0.734
0.742
0.742
0.766
0.695
0.664
0.656
0.633
0.609
0.625
0.680
0.672
0.711
0.766
0.766
0.719
0.719
0.734
0.711
0.664
0.656
0.656
0.703
0.680
0.648
0.688
0.719
0.727
0.688
0.703
0.734
0.734
0.695
0.664
0.688
0.688
0.680
0.641
0.633
0.641
0.633
0.602
0.617
0.625
0.672
0.680
0.711
0.734
0.758
0.734
0.750
0.781
0.734
0.719
0.734
0.703
0.727
0.766
0.750
0.727
0.758
0.758
0.688
0.672
0.688
0.688
0.719
0.727
0.727
0.688
0.680
0.711
0.727
0.719
0.703
0.711
0.742
0.719
0.703
0.758
0.742
0.688
0.688
0.703
0.719
0.688
0.672
0.688
0.703
0.680
0.672
0.727
0.688
0.680
0.703
0.695
0.688
0.695
0.695
0.672
0.648
0.656
0.648
0.633
0.625
0.602
0.578
0.570
0.562
0.594
0.609
0.617
0.617
0.617
0.602
0.602
0.562
0.570
0.578
0.547
0.547
0.578
0.719
0.727
0.781
0.859
0.891
0.852
0.891
0.859
0.805
