# NNI SERIES FILE
This file has generated for evaluation purposes of this work.
# Thesis:	Development of an Open-Source Python Toolbox for Heart Rate Variability (HRV)
# Author:	Pedro Miguel Caridade Gomes
#
# File Info:
# ---------
# Segment number 17 from file './nni_data/nni/mit_bih_nsrdb_19090.npy'
# > hrv.tools.segmentation configuration:
# 		> overlap=False
# 		> full=False
#		> duration=18000(s)# > Number of NNI: 413
# > Duration of segment: 299.695 (s)
0.648
0.680
0.719
0.758
0.781
0.750
0.781
0.781
0.758
0.766
0.758
0.766
0.734
0.727
0.688
0.672
0.656
0.656
0.688
0.703
0.750
0.766
0.719
0.719
0.680
0.695
0.719
0.734
0.742
0.711
0.750
0.750
0.758
0.766
0.742
0.758
0.766
0.750
0.719
0.695
0.703
0.727
0.734
0.711
0.750
0.773
0.773
0.758
0.781
0.789
0.773
0.766
0.789
0.789
0.797
0.766
0.742
0.719
0.688
0.719
0.734
0.758
0.781
0.812
0.820
0.797
0.781
0.750
0.727
0.727
0.719
0.688
0.672
0.680
0.672
0.711
0.703
0.711
0.695
0.727
0.734
0.742
0.727
0.766
0.758
0.758
0.719
0.727
0.711
0.711
0.680
0.688
0.719
0.711
0.719
0.711
0.688
0.672
0.672
0.641
0.641
0.648
0.648
0.656
0.641
0.680
0.727
0.703
0.688
0.711
0.727
0.742
0.734
0.734
0.695
0.688
0.680
0.672
0.664
0.656
0.664
0.672
0.656
0.641
0.664
0.664
0.680
0.680
0.672
0.641
0.664
0.664
0.695
0.719
0.727
0.727
0.734
0.742
0.766
0.766
0.727
0.711
0.734
0.688
0.672
0.672
0.664
0.695
0.703
0.742
0.750
0.789
0.805
0.812
0.758
0.719
0.750
0.742
0.742
0.703
0.719
0.688
0.695
0.695
0.703
0.695
0.719
0.742
0.773
0.719
0.750
0.727
0.719
0.695
0.727
0.758
0.797
0.781
0.734
0.750
0.781
0.727
0.688
0.719
0.742
0.727
0.758
0.805
0.820
0.773
0.789
0.773
0.766
0.758
0.750
0.734
0.703
0.672
0.695
0.719
0.711
0.766
0.828
0.828
0.852
0.883
0.859
0.789
0.750
0.750
0.711
0.758
0.711
0.750
0.727
0.727
0.719
0.703
0.680
0.703
0.719
0.695
0.727
0.750
0.758
0.703
0.711
0.672
0.695
0.672
0.641
0.695
0.695
0.727
0.766
0.781
0.789
0.758
0.734
0.742
0.750
0.766
0.734
0.750
0.766
0.742
0.742
0.742
0.734
0.742
0.734
0.758
0.758
0.742
0.750
0.742
0.766
0.680
0.664
0.680
0.648
0.672
0.688
0.695
0.664
0.711
0.781
0.797
0.844
0.883
0.906
0.898
0.844
0.844
0.812
0.781
0.719
0.680
0.695
0.695
0.727
0.750
0.781
0.766
0.719
0.672
0.656
0.664
0.648
0.648
0.703
0.711
0.758
0.719
0.750
0.695
0.695
0.680
0.680
0.664
0.656
0.641
0.680
0.695
0.695
0.695
0.664
0.672
0.680
0.641
0.656
0.641
0.625
0.625
0.648
0.680
0.719
0.703
0.711
0.711
0.672
0.625
0.625
0.664
0.672
0.648
0.641
0.703
0.727
0.711
0.688
0.734
0.719
0.719
0.773
0.805
0.766
0.750
0.789
0.820
0.758
0.750
0.703
0.672
0.648
0.617
0.656
0.656
0.688
0.680
0.727
0.773
0.797
0.805
0.812
0.820
0.797
0.742
0.703
0.672
0.672
0.695
0.703
0.688
0.688
0.719
0.719
0.727
0.742
0.734
0.734
0.758
0.773
0.766
0.727
0.711
0.719
0.750
0.727
0.750
0.766
0.773
0.781
0.742
0.727
0.750
0.742
0.727
0.703
0.734
0.734
0.750
0.750
0.742
0.766
0.766
0.758
0.758
0.758
0.773
0.773
0.758
0.758
0.766
0.773
0.734
0.727
0.750
0.719
0.688
0.695
0.711
0.695
