# NNI SERIES FILE
This file has generated for evaluation purposes of this work.
# Thesis:	Development of an Open-Source Python Toolbox for Heart Rate Variability (HRV)
# Author:	Pedro Miguel Caridade Gomes
#
# File Info:
# ---------
# Segment number 62 from file './nni_data/nni/mit_bih_nsrdb_18177.npy'
# > hrv.tools.segmentation configuration:
# 		> overlap=False
# 		> full=False
#		> duration=18000(s)# > Number of NNI: 535
# > Duration of segment: 299.692 (s)
0.523
0.547
0.555
0.766
0.766
0.648
0.750
0.688
0.688
0.672
0.641
0.609
0.602
0.578
0.562
0.594
0.578
0.555
0.578
0.562
0.570
0.578
0.578
0.562
0.578
0.562
0.578
0.555
0.570
0.562
0.570
0.594
0.555
0.594
0.562
0.578
0.570
0.539
0.570
0.555
0.531
0.555
0.531
0.555
0.539
0.531
0.516
0.539
0.523
0.516
0.508
0.523
0.492
0.508
0.531
0.508
0.500
0.492
0.516
0.508
0.492
0.500
0.523
0.508
0.508
0.500
0.508
0.500
0.508
0.484
0.508
0.523
0.508
0.508
0.508
0.508
0.508
0.508
0.500
0.508
0.508
0.500
0.484
0.508
0.500
0.500
0.500
0.484
0.516
0.500
0.492
0.508
0.508
0.500
0.508
0.492
0.508
0.461
0.500
0.492
0.531
0.492
0.492
0.492
0.477
0.484
0.484
0.484
0.461
0.531
0.484
0.500
0.492
0.516
0.492
0.469
0.539
0.500
0.500
0.500
0.484
0.492
0.500
0.508
0.492
0.500
0.492
0.500
0.500
0.500
0.492
0.508
0.500
0.492
0.500
0.492
0.492
0.492
0.492
0.492
0.484
0.484
0.484
0.484
0.484
0.492
0.477
0.492
0.500
0.508
0.508
0.508
0.500
0.508
0.508
0.500
0.500
0.500
0.492
0.508
0.492
0.500
0.500
0.500
0.492
0.500
0.492
0.500
0.500
0.500
0.516
0.500
0.500
0.523
0.508
0.516
0.523
0.523
0.516
0.531
0.523
0.523
0.531
0.539
0.523
0.531
0.523
0.523
0.523
0.531
0.523
0.523
0.516
0.523
0.539
0.531
0.531
0.531
0.539
0.539
0.562
0.547
0.547
0.547
0.547
0.547
0.539
0.547
0.547
0.539
0.531
0.547
0.531
0.539
0.539
0.539
0.531
0.531
0.555
0.586
0.617
0.641
0.656
0.617
0.609
0.578
0.578
0.539
0.570
0.547
0.555
0.555
0.570
0.570
0.578
0.578
0.594
0.578
0.570
0.570
0.562
0.562
0.547
0.555
0.562
0.562
0.547
0.547
0.516
0.578
0.531
0.531
0.539
0.523
0.508
0.531
0.523
0.547
0.562
0.547
0.570
0.586
0.609
0.648
0.641
0.641
0.586
0.609
0.609
0.586
0.578
0.570
0.562
0.562
0.562
0.555
0.562
0.570
0.562
0.562
0.578
0.570
0.562
0.578
0.578
0.578
0.578
0.570
0.594
0.578
0.578
0.570
0.578
0.570
0.594
0.602
0.609
0.625
0.625
0.617
0.594
0.594
0.594
0.578
0.578
0.562
0.539
0.602
0.562
0.570
0.578
0.578
0.562
0.570
0.555
0.539
0.547
0.555
0.547
0.570
0.602
0.625
0.680
0.695
0.656
0.625
0.609
0.594
0.586
0.594
0.578
0.562
0.586
0.570
0.578
0.570
0.555
0.570
0.570
0.555
0.570
0.594
0.609
0.609
0.625
0.609
0.586
0.617
0.609
0.633
0.617
0.625
0.625
0.633
0.594
0.594
0.602
0.578
0.578
0.578
0.578
0.578
0.578
0.570
0.578
0.578
0.570
0.570
0.562
0.562
0.539
0.555
0.547
0.547
0.547
0.523
0.539
0.492
0.570
0.516
0.602
0.594
0.578
0.570
0.562
0.562
0.547
0.562
0.562
0.570
0.570
0.562
0.547
0.555
0.539
0.539
0.531
0.531
0.531
0.539
0.531
0.547
0.578
0.578
0.625
0.633
0.633
0.617
0.992
0.797
0.727
0.633
0.586
0.570
0.523
0.562
0.562
0.539
0.555
0.570
0.555
0.586
0.578
0.562
0.594
0.625
0.641
0.586
0.602
0.578
0.602
0.602
0.578
0.570
0.617
0.570
0.578
0.586
0.562
0.602
0.586
0.617
0.594
0.609
0.602
0.586
0.594
0.664
0.625
0.648
0.617
0.617
0.648
0.641
0.641
0.625
0.633
0.641
0.641
0.625
0.609
0.609
0.594
0.602
0.578
0.602
0.594
0.594
0.617
0.586
0.586
0.586
0.609
0.570
0.586
0.578
0.578
0.570
0.555
0.602
0.594
0.609
0.609
0.594
0.586
0.578
0.609
0.594
0.586
0.586
0.578
0.578
0.570
0.570
0.570
0.570
0.562
0.570
0.562
0.562
0.586
0.578
0.586
0.570
0.578
0.570
0.586
0.555
0.570
0.555
0.547
0.547
0.539
0.547
0.547
0.562
0.570
0.586
0.586
0.594
0.617
0.594
0.594
0.602
0.586
0.586
0.586
0.578
0.594
0.609
0.609
0.594
0.594
0.586
0.586
