# NNI SERIES FILE
This file has generated for evaluation purposes of this work.
# Thesis:	Development of an Open-Source Python Toolbox for Heart Rate Variability (HRV)
# Author:	Pedro Miguel Caridade Gomes
#
# File Info:
# ---------
# Segment number 73 from file './nni_data/nni/mit_bih_nsrdb_19140.npy'
# > hrv.tools.segmentation configuration:
# 		> overlap=False
# 		> full=False
#		> duration=18000(s)# > Number of NNI: 420
# > Duration of segment: 299.668 (s)
0.805
0.836
0.852
0.812
0.758
0.734
0.766
0.797
0.742
0.789
0.820
0.820
0.789
0.750
0.734
0.695
0.703
0.727
0.789
0.836
0.789
0.734
0.742
0.734
0.828
0.812
0.805
0.695
0.695
0.695
0.680
0.695
0.680
0.656
0.641
0.625
0.648
0.773
0.781
0.750
0.711
0.695
0.672
0.648
0.680
0.703
0.719
0.711
0.688
0.711
0.680
0.672
0.656
0.664
0.664
0.680
0.703
0.734
0.758
0.836
0.773
0.773
0.680
0.688
0.742
0.781
0.781
0.766
0.680
0.688
0.688
0.719
0.703
0.727
0.734
0.711
0.727
0.695
0.695
0.727
0.797
0.719
0.727
0.742
0.742
0.734
0.719
0.680
0.688
0.648
0.633
0.625
0.648
0.750
0.781
0.719
0.734
0.758
0.844
0.773
0.719
0.711
0.695
0.742
0.750
0.797
0.781
0.797
0.797
0.773
0.734
0.711
0.727
0.766
0.805
0.805
0.781
0.773
0.766
0.734
0.719
0.703
0.719
0.695
0.680
0.641
0.656
0.656
0.672
0.695
0.734
0.805
0.852
0.805
0.742
0.727
0.734
0.781
0.742
0.695
0.680
0.672
0.648
0.625
0.625
0.609
0.609
0.602
0.602
0.594
0.594
0.594
0.594
0.594
0.609
0.641
0.656
0.648
0.617
0.617
0.641
0.711
0.742
0.719
0.688
0.703
0.688
0.719
0.695
0.664
0.688
0.734
0.758
0.688
0.680
0.672
0.656
0.672
0.703
0.703
0.664
0.703
0.695
0.742
0.703
0.664
0.680
0.734
0.820
0.820
0.750
0.719
0.766
0.750
0.727
0.695
0.742
0.773
0.836
0.805
0.727
0.688
0.664
0.648
0.648
0.672
0.711
0.680
0.664
0.648
0.633
0.641
0.625
0.641
0.641
0.664
0.680
0.641
0.633
0.633
0.609
0.641
0.625
0.641
0.664
0.703
0.680
0.664
0.695
0.719
0.773
0.695
0.672
0.703
0.719
0.719
0.680
0.719
0.789
0.750
0.703
0.742
0.797
0.797
0.734
0.820
0.852
0.898
0.766
0.812
0.758
0.766
0.758
0.758
0.703
0.688
0.727
0.789
0.844
0.781
0.773
0.836
0.773
0.766
0.781
0.727
0.805
0.922
0.805
0.742
0.703
0.672
0.680
0.719
0.719
0.688
0.688
0.750
0.852
0.859
0.828
0.812
0.742
0.734
0.750
0.820
0.836
0.828
0.805
0.781
0.750
0.734
0.688
0.688
0.695
0.742
0.750
0.805
0.789
0.742
0.703
0.688
0.695
0.672
0.719
0.797
0.898
0.898
0.906
0.836
0.773
0.758
0.719
0.688
0.680
0.641
0.648
0.625
0.641
0.664
0.688
0.672
0.773
0.734
0.719
0.688
0.672
0.641
0.656
0.648
0.633
0.633
0.633
0.672
0.734
0.695
0.664
0.656
0.648
0.656
0.641
0.648
0.641
0.641
0.648
0.641
0.648
0.641
0.641
0.641
0.680
0.703
0.688
0.656
0.672
0.648
0.656
0.680
0.719
0.750
0.773
0.758
0.719
0.680
0.664
0.641
0.617
0.602
0.594
0.586
0.594
0.633
0.641
0.672
0.688
0.688
0.719
0.711
0.734
0.820
0.883
0.844
0.805
0.758
0.750
0.711
0.680
0.680
0.695
0.719
0.734
0.727
0.727
0.711
0.703
0.688
0.680
0.703
0.672
0.664
0.656
0.633
0.609
0.625
0.602
0.625
0.672
0.719
0.711
0.734
0.781
0.727
0.688
0.664
0.641
0.656
0.656
0.648
0.656
0.641
