# NNI SERIES FILE
This file has generated for evaluation purposes of this work.
# Thesis:	Development of an Open-Source Python Toolbox for Heart Rate Variability (HRV)
# Author:	Pedro Miguel Caridade Gomes
#
# File Info:
# ---------
# Segment number 35 from file './nni_data/nni/mit_bih_nsrdb_16265.npy'
# > hrv.tools.segmentation configuration:
# 		> overlap=False
# 		> full=False
#		> duration=18000(s)# > Number of NNI: 463
# > Duration of segment: 299.941 (s)
0.648
0.656
0.648
0.617
0.633
0.633
0.641
0.633
0.625
0.617
0.633
0.656
0.680
0.648
0.672
0.680
0.656
0.633
0.625
0.594
0.594
0.586
0.602
0.625
0.672
0.773
0.750
0.773
0.711
0.664
0.656
0.641
0.633
0.664
0.656
0.688
0.734
0.719
0.688
0.641
0.633
0.594
0.594
0.594
0.602
0.664
0.656
0.641
0.594
0.586
0.602
0.602
0.602
0.617
0.617
0.641
0.664
0.680
0.688
0.680
0.680
0.664
0.648
0.648
0.617
0.617
0.609
0.602
0.594
0.594
0.594
0.602
0.609
0.594
0.625
0.656
0.680
0.711
0.672
0.625
0.609
0.594
0.594
0.602
0.625
0.625
0.648
0.641
0.633
0.633
0.625
0.656
0.719
0.789
0.727
0.742
0.719
0.695
0.672
0.672
0.680
0.672
0.641
0.617
0.602
0.578
0.594
0.641
0.711
0.711
0.688
0.633
0.633
0.625
0.633
0.648
0.648
0.656
0.648
0.656
0.656
0.648
0.672
0.750
0.773
0.727
0.664
0.633
0.617
0.602
0.609
0.625
0.609
0.602
0.602
0.594
0.586
0.562
0.570
0.578
0.602
0.625
0.719
0.766
0.727
0.656
0.680
0.680
0.656
0.633
0.633
0.617
0.625
0.641
0.672
0.648
0.609
0.609
0.609
0.641
0.672
0.648
0.617
0.625
0.609
0.617
0.609
0.617
0.625
0.625
0.625
0.641
0.672
0.703
0.695
0.664
0.664
0.656
0.672
0.656
0.672
0.664
0.633
0.648
0.641
0.633
0.625
0.594
0.586
0.586
0.570
0.594
0.609
0.641
0.648
0.727
0.734
0.680
0.641
0.617
0.602
0.602
0.609
0.625
0.633
0.633
0.641
0.641
0.625
0.609
0.625
0.633
0.664
0.648
0.641
0.641
0.664
0.695
0.688
0.664
0.648
0.625
0.594
0.594
0.586
0.609
0.688
0.727
0.703
0.734
0.719
0.672
0.641
0.648
0.648
0.648
0.641
0.641
0.633
0.625
0.617
0.586
0.586
0.594
0.609
0.734
0.727
0.711
0.734
0.766
0.703
0.672
0.648
0.641
0.617
0.625
0.633
0.633
0.625
0.594
0.594
0.578
0.578
0.594
0.602
0.609
0.625
0.648
0.641
0.625
0.617
0.609
0.609
0.578
0.609
0.703
0.797
0.773
0.727
0.664
0.648
0.633
0.617
0.625
0.648
0.664
0.695
0.719
0.672
0.719
0.695
0.688
0.648
0.633
0.633
0.617
0.633
0.633
0.664
0.703
0.656
0.633
0.602
0.625
0.609
0.633
0.633
0.633
0.625
0.641
0.641
0.641
0.664
0.664
0.695
0.742
0.812
0.766
0.750
0.695
0.664
0.656
0.617
0.617
0.625
0.625
0.625
0.609
0.602
0.586
0.586
0.570
0.570
0.586
0.648
0.664
0.633
0.625
0.617
0.625
0.594
0.633
0.633
0.664
0.648
0.648
0.641
0.625
0.633
0.625
0.625
0.648
0.648
0.859
0.797
0.828
0.836
0.773
0.711
0.656
0.625
0.625
0.648
0.625
0.672
0.734
0.883
0.828
0.781
0.672
0.672
0.633
0.617
0.633
0.625
0.641
0.711
0.711
0.664
0.641
0.625
0.617
0.641
0.656
0.648
0.656
0.648
0.625
0.609
0.609
0.617
0.641
0.625
0.625
0.625
0.609
0.609
0.609
0.609
0.609
0.609
0.648
0.695
0.758
0.750
0.742
0.672
0.656
0.641
0.625
0.617
0.609
0.609
0.594
0.594
0.609
0.672
0.711
0.648
0.609
0.586
0.594
0.578
0.602
0.578
0.594
0.578
0.594
0.594
0.586
0.594
0.602
0.602
0.609
0.594
0.609
0.633
0.641
0.656
0.641
0.641
0.633
0.609
0.617
0.602
0.594
0.586
0.609
0.625
0.664
0.656
0.711
0.883
0.766
0.773
0.719
0.656
0.680
0.688
0.680
0.664
0.664
0.664
