# NNI SERIES FILE
This file has generated for evaluation purposes of this work.
# Thesis:	Development of an Open-Source Python Toolbox for Heart Rate Variability (HRV)
# Author:	Pedro Miguel Caridade Gomes
#
# File Info:
# ---------
# Segment number 226 from file './nni_data/nni/mit_bih_nsrdb_16273.npy'
# > hrv.tools.segmentation configuration:
# 		> overlap=False
# 		> full=False
#		> duration=18000(s)# > Number of NNI: 362
# > Duration of segment: 299.394 (s)
0.812
0.828
0.828
0.820
0.797
0.828
0.828
0.797
0.812
0.797
0.812
0.812
0.797
0.789
0.805
0.789
0.781
0.773
0.789
0.773
0.766
0.766
0.758
0.750
0.758
0.719
0.711
0.703
0.695
0.695
0.695
0.695
0.680
0.688
0.695
0.703
0.727
0.711
0.719
0.750
0.750
0.773
0.766
0.766
0.781
0.789
0.773
0.773
0.797
0.812
0.820
0.797
0.820
0.820
0.820
0.867
0.859
0.859
0.852
0.852
0.852
0.852
0.820
0.828
0.828
0.828
0.812
0.797
0.812
0.812
0.820
0.820
0.867
0.922
0.875
0.844
0.836
0.836
0.836
0.797
0.812
0.805
0.812
0.797
0.836
0.859
0.852
0.891
0.945
0.867
0.859
0.867
0.844
0.828
0.836
0.836
0.844
0.820
0.820
0.828
0.852
0.859
0.836
0.875
0.883
0.844
0.852
0.844
0.812
0.844
0.828
0.828
0.844
0.852
0.836
0.844
0.812
0.812
0.797
0.797
0.852
0.859
0.867
0.820
0.836
0.828
0.828
0.797
0.781
0.773
0.758
0.758
0.758
0.852
1.086
0.906
0.984
0.891
0.875
0.867
0.852
0.828
0.844
0.828
0.820
0.805
0.820
0.812
0.820
0.836
0.852
0.875
0.867
0.914
0.961
0.906
0.906
0.891
0.891
0.852
0.867
0.867
0.867
0.867
0.883
0.891
0.875
0.883
0.898
0.883
0.852
0.906
0.906
0.875
0.875
0.914
0.883
0.844
0.875
0.875
0.867
0.844
0.883
0.891
0.852
0.859
0.875
0.875
0.852
0.891
0.875
0.844
0.836
0.844
0.844
0.828
0.836
0.852
0.836
0.812
0.820
0.805
0.781
0.750
0.727
0.727
0.758
0.789
0.773
0.781
0.875
0.883
0.898
0.922
1.031
0.898
0.938
1.055
0.969
0.898
0.914
0.906
0.859
0.898
0.914
0.867
0.906
0.945
0.906
0.875
0.906
0.938
0.914
0.930
0.977
0.992
0.945
0.930
0.930
0.891
0.930
0.930
0.906
0.883
0.914
0.984
0.898
0.922
0.938
0.945
0.922
0.945
0.922
0.914
0.938
0.930
0.906
0.945
0.992
0.938
0.969
1.000
0.922
0.945
0.961
0.891
0.961
0.914
0.867
0.875
0.867
0.836
0.844
0.828
0.828
0.859
0.859
0.852
0.820
0.852
0.844
0.812
0.828
0.812
0.828
0.805
0.805
0.852
0.914
0.867
0.938
1.055
0.945
0.930
0.891
0.844
0.875
0.852
0.828
0.828
0.836
0.812
0.844
0.852
0.836
0.797
0.789
0.766
0.719
0.688
0.680
0.664
0.641
0.648
0.641
0.625
0.633
0.609
0.617
0.625
0.617
0.602
0.609
0.609
0.578
0.586
0.578
0.570
0.555
0.562
0.555
0.555
0.539
0.539
0.539
0.547
0.539
0.562
0.562
0.555
0.562
0.562
0.578
0.578
0.586
0.602
0.648
0.680
0.680
0.750
0.820
0.992
0.977
1.039
1.109
1.109
1.062
1.125
1.133
1.047
1.047
1.164
