# NNI SERIES FILE
This file has generated for evaluation purposes of this work.
# Thesis:	Development of an Open-Source Python Toolbox for Heart Rate Variability (HRV)
# Author:	Pedro Miguel Caridade Gomes
#
# File Info:
# ---------
# Segment number 63 from file './nni_data/nni/mit_bih_nsrdb_16773.npy'
# > hrv.tools.segmentation configuration:
# 		> overlap=False
# 		> full=False
#		> duration=18000(s)# > Number of NNI: 381
# > Duration of segment: 299.786 (s)
0.680
0.695
0.711
0.695
0.695
0.656
0.688
0.672
0.695
0.734
0.789
0.812
0.820
0.758
0.734
0.711
0.680
0.648
0.648
0.633
0.633
0.641
0.680
0.766
0.852
0.891
0.898
0.945
0.938
0.875
0.844
0.812
0.781
0.742
0.727
0.727
0.719
0.719
0.695
0.719
0.719
0.742
0.758
0.758
0.758
0.750
0.742
0.734
0.703
0.719
0.703
0.719
0.719
0.719
0.758
0.812
0.836
0.836
0.789
0.766
0.758
0.742
0.695
0.695
0.719
0.766
0.805
0.820
0.867
0.914
0.891
0.867
0.820
0.805
0.734
0.688
0.680
0.719
0.812
0.836
0.773
0.781
0.797
0.836
0.781
0.766
0.758
0.742
0.758
0.828
0.883
0.844
0.852
0.828
0.797
0.797
0.766
0.695
0.695
0.680
0.672
0.719
0.750
0.789
0.766
0.742
0.695
0.672
0.625
0.617
0.602
0.609
0.648
0.719
0.750
0.836
0.891
0.883
0.844
0.820
0.805
0.781
0.727
0.664
0.812
0.852
0.859
0.859
0.836
0.781
0.750
0.742
0.750
0.805
0.836
0.859
0.852
0.836
0.797
0.750
0.703
0.680
0.719
0.805
0.867
0.852
0.844
0.797
0.734
0.758
0.766
0.758
0.742
0.781
0.758
0.711
0.672
0.711
0.695
0.695
0.719
0.734
0.719
0.711
0.680
0.664
0.641
0.625
0.656
0.688
0.773
0.727
0.781
0.828
0.859
0.891
0.891
0.828
0.750
0.719
0.695
0.695
0.695
0.703
0.820
0.867
0.891
0.844
0.797
0.758
0.688
0.656
0.633
0.625
0.625
0.625
0.680
0.727
0.758
0.758
0.758
0.719
0.648
0.656
0.656
0.719
0.734
0.781
0.797
0.781
0.789
0.734
0.789
0.859
0.859
0.852
0.914
0.977
0.906
0.875
0.883
0.820
0.812
0.852
0.891
0.867
0.852
0.883
0.906
0.828
0.844
0.852
0.820
0.867
0.938
0.945
0.914
0.922
0.906
0.844
0.859
0.898
0.875
0.914
0.961
0.922
0.922
0.898
0.812
0.828
0.844
0.836
0.891
0.898
0.930
0.945
0.898
0.828
0.820
0.859
0.883
0.922
0.938
0.844
0.867
0.883
0.906
0.836
0.828
0.867
0.883
0.883
0.922
0.930
0.883
0.891
0.875
0.820
0.852
0.891
0.875
0.883
0.906
0.852
0.867
0.883
0.867
0.852
0.828
0.836
0.781
0.781
0.820
0.875
0.906
0.844
0.836
0.820
0.828
0.797
0.750
0.750
0.734
0.727
0.750
0.781
0.812
0.836
0.805
0.750
0.727
0.719
0.781
0.852
0.883
0.875
0.812
0.766
0.711
0.703
0.695
0.750
0.797
0.797
0.766
0.766
0.773
0.820
0.805
0.781
0.812
0.742
0.742
0.750
0.781
0.820
0.805
0.781
0.734
0.688
0.641
0.625
0.609
0.617
0.609
0.672
0.898
0.922
0.945
0.930
0.891
0.844
0.742
0.695
0.680
0.664
0.680
1.102
0.984
0.906
0.867
0.891
0.891
0.836
0.797
0.766
0.734
0.680
0.703
0.727
0.781
0.852
0.859
0.852
0.828
0.742
0.711
0.727
0.727
0.812
0.828
