# NNI SERIES FILE
This file has generated for evaluation purposes of this work.
# Thesis:	Development of an Open-Source Python Toolbox for Heart Rate Variability (HRV)
# Author:	Pedro Miguel Caridade Gomes
#
# File Info:
# ---------
# Segment number 140 from file './nni_data/nni/mit_bih_nsrdb_19140.npy'
# > hrv.tools.segmentation configuration:
# 		> overlap=False
# 		> full=False
#		> duration=18000(s)# > Number of NNI: 426
# > Duration of segment: 299.977 (s)
0.727
0.695
0.688
0.711
0.750
0.758
0.781
0.766
0.758
0.727
0.695
0.664
0.648
0.656
0.688
0.758
0.781
0.766
0.758
0.766
0.719
0.703
0.703
0.711
0.727
0.734
0.688
0.672
0.672
0.680
0.672
0.695
0.711
0.727
0.719
0.680
0.703
0.719
0.719
0.758
0.742
0.727
0.688
0.680
0.719
0.680
0.695
0.711
0.695
0.680
0.703
0.711
0.703
0.711
0.719
0.734
0.734
0.727
0.727
0.719
0.703
0.695
0.750
0.820
0.781
0.719
0.719
0.734
0.773
0.758
0.758
0.734
0.688
0.688
0.680
0.688
0.688
0.719
0.758
0.773
0.750
0.766
0.781
0.734
0.727
0.703
0.711
0.742
0.758
0.734
0.719
0.703
0.695
0.695
0.680
0.680
0.688
0.727
0.758
0.781
0.750
0.758
0.750
0.727
0.688
0.672
0.664
0.664
0.688
0.672
0.672
0.680
0.688
0.695
0.688
0.727
0.734
0.695
0.719
0.727
0.727
0.781
0.789
0.805
0.742
0.719
0.703
0.688
0.695
0.664
0.688
0.656
0.648
0.672
0.672
0.695
0.719
0.734
0.711
0.695
0.703
0.734
0.727
0.719
0.719
0.719
0.688
0.680
0.672
0.656
0.695
0.711
0.758
0.727
0.734
0.727
0.711
0.695
0.688
0.688
0.688
0.688
0.703
0.727
0.734
0.719
0.711
0.719
0.742
0.695
0.680
0.711
0.711
0.734
0.734
0.719
0.688
0.680
0.703
0.727
0.727
0.711
0.680
0.656
0.688
0.719
0.766
0.773
0.711
0.688
0.711
0.734
0.766
0.727
0.750
0.750
0.742
0.750
0.719
0.727
0.734
0.695
0.664
0.680
0.711
0.734
0.750
0.750
0.742
0.719
0.727
0.703
0.711
0.711
0.695
0.680
0.688
0.695
0.680
0.703
0.711
0.711
0.680
0.703
0.711
0.680
0.672
0.688
0.711
0.680
0.672
0.695
0.695
0.680
0.680
0.664
0.672
0.664
0.672
0.648
0.648
0.648
0.656
0.672
0.648
0.664
0.664
0.703
0.688
0.672
0.664
0.680
0.680
0.688
0.688
0.688
0.703
0.688
0.680
0.688
0.688
0.711
0.797
0.750
0.703
0.688
0.695
0.672
0.672
0.672
0.695
0.711
0.688
0.688
0.672
0.695
0.711
0.703
0.695
0.680
0.688
0.695
0.719
0.703
0.688
0.680
0.719
0.672
0.680
0.711
0.750
0.750
0.742
0.703
0.719
0.711
0.703
0.727
0.734
0.727
0.695
0.695
0.688
0.711
0.688
0.680
0.688
0.711
0.719
0.695
0.680
0.680
0.648
0.641
0.648
0.695
0.773
0.805
0.766
0.766
0.773
0.742
0.727
0.703
0.688
0.680
0.656
0.664
0.688
0.727
0.734
0.750
0.703
0.703
0.688
0.680
0.727
0.711
0.688
0.672
0.672
0.688
0.688
0.711
0.719
0.742
0.734
0.711
0.688
0.688
0.688
0.672
0.672
0.680
0.664
0.648
0.656
0.672
0.680
0.688
0.672
0.664
0.648
0.641
0.641
0.648
0.656
0.656
0.664
0.656
0.648
0.641
0.648
0.633
0.633
0.633
0.656
0.695
0.727
0.688
0.703
0.758
0.758
0.750
0.711
0.695
0.695
0.688
0.695
0.656
0.641
0.656
0.773
0.875
0.836
0.758
0.805
0.812
0.758
0.727
0.734
0.773
0.773
0.773
0.734
0.711
0.703
0.688
0.672
0.664
0.656
0.648
0.648
0.641
0.641
0.625
0.625
0.648
0.633
0.625
0.633
0.648
0.633
0.641
0.625
0.633
