# NNI SERIES FILE
This file has generated for evaluation purposes of this work.
# Thesis:	Development of an Open-Source Python Toolbox for Heart Rate Variability (HRV)
# Author:	Pedro Miguel Caridade Gomes
#
# File Info:
# ---------
# Segment number 101 from file './nni_data/nni/mit_bih_nsrdb_16773.npy'
# > hrv.tools.segmentation configuration:
# 		> overlap=False
# 		> full=False
#		> duration=18000(s)# > Number of NNI: 388
# > Duration of segment: 299.222 (s)
0.898
0.852
0.773
0.758
0.734
0.695
0.688
0.656
0.656
0.664
0.664
0.688
0.672
0.711
0.727
0.727
0.750
0.789
0.789
0.766
0.734
0.719
0.695
0.656
0.648
0.648
0.656
0.672
0.680
0.789
0.852
0.812
0.758
0.781
0.820
0.773
0.750
0.719
0.703
0.711
0.664
0.680
0.672
0.680
0.719
0.719
0.711
0.664
0.688
0.664
0.664
0.672
0.664
0.680
0.719
0.703
0.680
0.656
0.648
0.609
0.625
0.602
0.609
0.609
0.656
0.719
0.750
0.789
0.789
0.836
0.844
0.766
0.773
0.742
0.703
0.680
0.656
0.656
0.656
0.656
0.648
0.664
0.688
0.727
0.734
0.742
0.742
0.734
0.711
0.664
0.664
0.656
0.672
0.664
0.703
0.719
0.711
0.664
0.664
0.664
0.648
0.664
0.695
0.781
0.875
0.844
0.883
0.914
0.805
0.789
0.758
0.719
0.742
0.727
0.688
0.680
0.680
0.672
0.672
0.703
0.727
0.703
0.766
0.789
0.773
0.727
0.727
0.711
0.727
0.719
0.688
0.703
0.695
0.688
0.734
0.742
0.781
0.812
0.828
0.773
0.750
0.750
0.719
0.672
0.680
0.688
0.695
0.680
0.695
0.711
0.734
0.734
0.719
0.719
0.711
0.727
0.703
0.688
0.672
0.664
0.656
0.656
0.648
0.641
0.633
0.648
0.641
0.680
0.695
0.664
0.695
0.703
0.727
0.734
0.734
0.727
0.719
0.695
0.680
0.648
0.664
0.641
0.648
0.656
0.664
0.719
0.797
0.805
0.828
0.820
0.820
0.773
0.773
0.781
0.789
0.758
0.727
0.680
0.711
0.719
0.758
0.734
0.734
0.758
0.781
0.789
0.781
0.734
0.727
0.727
0.711
0.727
0.789
0.844
0.898
0.914
0.836
0.820
0.828
0.789
0.773
0.758
0.758
0.805
0.812
0.836
0.820
0.867
0.914
0.922
0.828
0.844
0.836
0.812
0.766
0.773
0.797
0.805
0.844
0.805
0.828
0.812
0.773
0.797
0.781
0.766
0.758
0.766
0.781
0.797
0.781
0.766
0.766
0.727
0.742
0.734
0.734
0.727
0.727
0.719
0.695
0.656
0.664
0.664
0.688
0.695
0.727
0.758
0.789
0.766
0.758
0.797
0.828
0.812
0.797
0.797
0.812
0.766
0.766
0.734
0.781
0.742
0.789
0.828
0.828
0.766
0.805
0.789
0.766
0.734
0.719
0.711
0.719
0.742
0.711
0.734
0.742
0.719
0.711
0.742
0.844
0.844
0.812
0.797
0.773
0.734
0.711
0.711
0.688
0.711
0.688
0.734
0.750
0.805
0.836
0.836
0.773
0.797
0.805
0.820
0.805
0.867
0.961
1.094
1.022
0.898
0.875
0.844
0.812
0.820
0.836
0.875
0.867
0.914
0.984
1.102
0.945
0.930
0.938
0.867
0.914
1.008
0.945
0.977
1.022
1.016
0.953
0.930
0.914
0.859
0.859
0.883
0.883
0.844
0.914
0.977
0.977
0.930
0.938
0.938
0.914
0.922
0.961
0.953
0.914
0.906
0.930
0.922
0.883
0.852
0.789
0.883
0.891
0.930
1.008
1.031
1.000
0.930
0.883
0.914
1.055
1.047
1.094
1.016
0.992
0.969
0.891
0.953
