# NNI SERIES FILE
# This file has generated for evaluation purposes of this work.
# Thesis:	Development of an Open-Source Python Toolbox for Heart Rate Variability (HRV)
# Author:	Pedro Miguel Caridade Gomes
#
# File Info:
# ---------
# Segment number 121 from file './nni_data/nni/mit_bih_nsrdb_16539.npy'
# > hrv.tools.segmentation configuration:
# 		> overlap=False
# 		> full=False
#		> duration=18000(s)# > Number of NNI: 403
# > Duration of segment: 299.581 (s)
0.812
0.789
0.781
0.781
0.781
0.727
0.766
0.789
0.797
0.758
0.805
0.766
0.773
0.852
0.859
0.852
0.859
0.859
0.773
0.789
0.781
0.781
0.719
0.734
0.750
0.750
0.766
0.773
0.750
0.766
0.734
0.727
0.680
0.664
0.688
0.742
0.820
0.766
0.789
0.750
0.766
0.734
0.695
0.680
0.703
0.688
0.734
0.781
0.766
0.812
0.812
0.773
0.727
0.719
0.727
0.742
0.828
0.875
0.797
0.750
0.703
0.680
0.664
0.680
0.758
0.859
0.805
0.789
0.773
0.820
0.859
0.820
0.766
0.750
0.734
0.750
0.734
0.758
0.719
0.719
0.734
0.758
0.719
0.695
0.688
0.695
0.695
0.750
0.758
0.781
0.797
0.766
0.766
0.766
0.789
0.797
0.961
0.836
0.812
0.797
0.758
0.711
0.711
0.734
0.773
0.781
0.781
0.836
1.000
0.953
0.859
0.812
0.805
0.789
0.789
0.820
0.805
0.789
0.820
0.789
0.766
0.758
0.688
0.672
0.688
0.727
0.891
0.977
0.852
0.844
0.781
0.734
0.719
0.766
0.773
0.781
0.750
0.719
0.750
0.828
0.961
0.930
0.883
0.844
0.781
0.734
0.742
0.695
0.695
0.688
0.734
0.727
0.711
0.727
0.758
0.758
0.750
0.781
0.750
0.758
0.719
0.719
0.695
0.672
0.664
0.633
0.633
0.594
0.617
0.602
0.586
0.594
0.594
0.609
0.680
0.742
0.680
0.734
0.758
0.758
0.719
0.688
0.695
0.695
0.680
0.672
0.664
0.688
0.703
0.719
0.750
0.688
0.703
0.672
0.680
0.641
0.680
0.695
0.773
0.727
0.734
0.797
0.820
0.797
0.758
0.781
0.742
0.719
0.711
0.734
0.734
0.695
0.695
0.695
0.672
0.664
0.648
0.625
0.617
0.617
0.594
0.602
0.594
0.602
0.625
0.656
0.648
0.672
0.664
0.711
0.719
0.719
0.836
0.852
0.859
0.898
0.852
0.805
0.781
0.852
0.812
0.773
0.742
0.734
0.727
0.727
0.711
0.727
0.695
0.680
0.656
0.656
0.641
0.641
0.625
0.633
0.633
0.641
0.656
0.672
0.648
0.664
0.656
0.633
0.641
0.625
0.617
0.609
0.617
0.594
0.594
0.578
0.586
0.578
0.570
0.586
0.578
0.586
0.586
0.594
0.602
0.617
0.609
0.648
0.656
0.633
0.656
0.656
0.641
0.656
0.641
0.633
0.617
0.633
0.625
0.625
0.625
0.664
0.641
0.695
0.664
0.703
0.672
0.695
0.727
0.781
0.688
0.703
0.688
0.680
0.664
0.672
0.688
0.664
0.664
0.680
0.688
0.672
0.695
0.812
0.828
0.719
0.734
0.734
0.711
0.688
0.750
0.773
0.695
0.703
0.695
0.711
0.750
0.781
0.727
0.781
1.031
1.016
1.022
0.812
0.812
0.938
1.016
0.953
1.031
0.984
0.867
0.859
0.812
0.758
0.727
0.805
1.055
0.922
0.789
0.781
0.797
0.820
0.742
0.852
0.812
0.859
1.016
0.898
0.836
0.852
0.820
0.758
0.766
0.727
0.703
0.719
0.797
0.828
0.766
0.930
1.022
0.914
1.008
0.930
0.797
0.828
0.898
0.891
0.859
0.938
0.883
0.812
0.758
0.750
0.703
0.703
0.688
0.695
0.703
0.688
0.695
0.695
0.719
0.672
0.680
0.719
0.766
